Password
5948267
4853927
8394267
8325467
3295846
3568427
5798462
2679485
8459362
5964723
7532946
8239567
4825679
4985367
9567438
7489562
3875924
8357962
5986472
3895726
2864957
5698472
8273954
8562349
5697324
5837469
4635287
3876954
6283579
2586394
3674258
6832975
5723864
4726958
9374682
8965472
3687452
8534269
3569874
6574892
9627384
8372956
8794253
7562938
3768924
5236497
2643759
7329854
9753682
9728453
2857469
2645739
6428379
6849253
4763592
4275398
6435928
7623548
3456297
8397564
5892746
8472635
6598742
4836579
4372698
9436728
6473589
7534962
8765294
8765243
5927846
5926834
4678235
4895632
7932654
6729354
5723496
3587692
8364927
4859326
9845632
3956487
6843752
2734598
2789645
7349682
2734589
4295637
4752896
5367248
6873245
2498635
3674259
4892376
7936482
7638459
8349675
5248936
2768345
8576324
8643752
2346975
6874952
7834265
6345729
9365427
8627359
6735489
3628495
5643978
2347985
7429638
2856437
5394867
4289576
5649273
6873295
5267493
6247539
5379648
6538927
2978564
5876432
3829547
8645239
3549867
9853427
2857349
2739845
3954682
6457839
4978325
7542839
7829456
4723685
9764238
5278946
7948653
6724958
2489573
8749265
2796534
7639542
2348796
6394587
9854362
3458796
9453276
6723589
8347652
5243698
5934286
8257346
4962785
8645723
8435796
8753964
3789546
4286957
2673549
3978462
3824596
3594268
4395728
3675248
7923856
6845392
4657829
5872469
6349785
3572946
5794638
3897245
4528739
7869425
8976243
3926587
4685327
5876493
9425368
4867935
6829734
6845923
3958726
4782965
6372548
9842356
8643725
3768259
7324869
4386597
9634785
9245783
7852496
3957468
2384679
2685437
4357869
2865347
2547683
8726453
9347268
4937582
4687295
3754962
2675394
4536278
4857926
3578624
4593682
4652783
7895324
5463297
6247538
7824956
4856329
7628495
5924386
9257634
9735268
6785239
5624387
3856792
4859637
5842396
9326458
7329546
9372854
2657938
2843967
5286473
2965843
8453279
3952467
6789345
9674538
5869427
8923547
8362975
8372546
2693574
8576239
5849627
6952748
5486732
8957264
5678294
2583794
7435982
4873692
4236579
4675238
3258674
8657942
6948327
3974528
7429635
9275348
6749235
3529874
7852463
4398572
5349768
3765924
8639542
3927568
9837256
7892365
4637859
2387596
9786324
3762459
7493826
6897425
2895364
5832467
4627395
3628597
8367295
2647395
2957864
4657923
2396748
8725394
8654273
9745632
4279365
7286943
7493625
7495638
7625849
6459823
6925487
6379452
3249865
8726594
3426978
6542897
2658734
6459328
6849752
2946835
9867352
7965284
7942653
3487526
5427638
7542638
7365842
5693478
9853647
7829436
6895347
6792834
7953864
5723869
6375492
9624873
7326594
6527439
3492785
4239857
3684257
8236795
7923865
8942376
8352697
6784932
4268395
3978465
7983524
2496538
2495386
6985324
4895763
6389457
5392847
3954687
6397452
9843675
9468327
9857346
4735692
5872394
4796523
8593467
8479362
5482976
2943867
8729436
6785934
4678325
4987263
4397268
4872593
2356974
3245897
3867249
8267953
6534829
9468253
9625438
9723854
3248579
8367429
4625837
8375496
4678932
4837925
4357682
6927485
4839652
4735286
8362947
8429365
2653748
8362954
4938675
3482795
9465327
7346598
8269345
4635792
2956874
2487596
9735846
6389752
8367425
9526478
3842759
8623574
3957426
9437628
2943587
6957234
9248576
7345692
7435829
8247539
2843759
2786953
6247389
2783659
5293846
3968475
8435726
8594726
3642895
2356498
4927385
4687935
4937526
2538947
6298745
3529846
9254386
8325674
2765389
3278954
6239854
2589367
6783549
9872563
8453762
5386794
8725643
2975863
7839264
3269845
5497386
8723965
9582746
9348657
8437296
7625439
4387962
2379458
5263894
6852793
6532894
2493758
3549786
4926758
2349675
4938657
9256748
5482397
8245976
8476392
9657483
4965873
5463789
7638594
8653974
6984725
8356429
2937856
4695832
3857492
5732486
8926375
7894365
9284637
3482765
2875693
9685423
9826475
9346582
4387562
7524936
9583627
9583427
3749286
8935467
8239754
8679542
2356894
7982563
3568472
2798564
3975846
7245693
4386257
8742965
6239547
8694532
2968453
8647953
7956382
8256739
4758329
5869372
4657328
3248976
8243756
5678923
9285734
8672435
2485697
2643587
2749653
5967348
3725869
5394276
4763259
8497653
4936827
6843259
6523489
4597362
7296853
4873256
2764359
7386245
9435782
5287963
2785346
7582649
9852473
3594672
6523879
3659724
7856243
6275983
4857692
4637852
7628395
3629458
8326795
8423596
9287345
3627894
6729843
6925784
2954783
5832769
9523874
6482579
7249586
3852476
5942683
3485729
4297638
2856493
5987346
2863497
9572834
7649283
3864579
3876952
7548362
6459732
3487295
3826945
7653894
2375469
2873964
2467538
9543286
6532487
3257649
7645932
9875234
2837954
9465837
6825497
4968327
9326854
9453287
5369274
2894753
6857342
2856439
4685239
9234587
6584293
2597384
6734928
2637459
2743956
2479835
9576243
9276583
2743869
5896237
3845962
3495768
2876495
7465293
5432968
6954238
3268975
7824369
2568793
4395682
5483792
7936854
8735492
4397862
4836975
7693528
4938527
2563984
7568342
4729658
2673548
3845726
8749236
3746259
4723589
3524789
5342768
2638574
2354789
3429657
4836795
3429875
6325789
4892673
2467358
9234567
2758693
7892564
2587439
3597426
6539472
5324978
5692487
5476893
6923854
4326758
5642987
4365982
7253469
3742968
3869245
5498372
5398462
9723468
3798546
9275483
9436852
5369487
8324675
6534728
9842365
9786532
6472358
5683942
6279345
8452976
5847239
6738425
7942685
4357629
2683475
8459263
6354879
9873625
9623485
8397546
2534876
5497823
9234678
2753968
5267983
5943782
9856724
6974853
3459726
6759328
7634582
7349285
4362795
9528364
5247638
4257698
9472536
3528769
8536472
7456932
6785432
5286934
6395247
6953487
5823479
4693872
7293456
5237694
7823695
4562837
6293487
2893654
5436982
3897546
7963528
5472396
4659328
6893247
5736284
3697452
6857293
7425893
6784953
7283965
2369874
6792458
9345786
5934268
7954326
2637958
8956273
7639524
5287346
2497685
5649738
3957264
7326489
4865372
4362785
9578362
6548327
4698572
5723968
6894237
4698325
6584329
9543687
3786549
9674852
7243968
2968534
2574638
2893647
3928567
9685437
2946875
5346789
6985347
3752964
2783964
8427659
8639457
9825634
9468725
7958634
8562937
3829765
9782643
5783946
8432567
5632784
7523894
2567948
5496372
7246893
8934267
8296475
2546987
9572438
6439857
4798265
4786295
5396278
5492368
4659237
4386975
7362458
3958264
7943586
5462983
5432876
6394782
8763254
9657342
8354967
9267835
6253479
8357429
9785264
7596423
8365974
3962854
8236579
6845329
2976534
3425879
2493785
3786259
6945723
9467358
4382756
5234679
7652349
2786435
2748963
3456298
5764982
8364975
4756389
2397658
4763825
2654937
8729365
4732859
7639842
9652374
9863745
4368275
6485392
6928537
8235967
4578963
7864523
4283976
3976425
8736245
4756823
6842735
8253764
6752849
9435286
6859437
4893725
4963258
6849372
6374829
9264738
3487269
7453269
9582436
4786523
9783456
7538642
9458627
7982435
9534687
9472863
6239574
9846723
4527396
9238476
5742963
4957862
2769348
9264758
7649235
5297683
3987264
5837496
9423657
8652374
4529873
5432698
9482376
5729684
6349582
7943628
2438567
4987253
9487265
3657428
3962784
2385946
7526834
4798365
7926834
5349267
3984625
9653472
8254739
5298673
5697823
4953867
8723456
6283974
9247356
4673285
7589246
9426583
3956847
5248379
5983246
6328957
9685743
6538742
3524687
2659483
6358724
3562798
2976458
7924658
4952637
5234976
2463985
3249576
9784526
6924785
5246973
9687342
2453687
8473962
8925374
5692384
6943875
2546879
6924573
9356824
7439285
2783569
8659724
9742365
9645328
2978456
3789254
6783294
2763954
3624589
4327569
5879234
7852469
3657248
9265843
5397864
7256843
8435792
9843765
6423759
5762839
7629435
4589623
8923647
8457926
6925834
5469783
2863579
5836492
7984236
8379256
9537826
7852943
3694587
8463579
9285673
2463578
7834952
2539784
9274538
7425368
4798562
9428573
8759246
4938765
6824973
8469325
2698735
5927368
2587396
7829364
3248756
3859246
3452789
2965783
5836247
6893254
5326849
6379482
7685932
7965823
7943258
9627835
5974326
2975684
7463258
3568942
5738426
4397856
8564739
4629573
7346985
7643859
9237645
9236857
4872539
9658247
2593864
2456839
2396874
7632498
3965247
8295437
5286493
2395864
9235468
4538629
7836245
8492657
3874569
4365297
9284563
3476985
4697328
4926853
7659328
3278465
5634987
2754963
9478635
2856479
9358426
7532684
8374629
3569284
4395762
9674325
5784236
8492765
9238654
3586479
9426783
7289346
5826739
3568749
6975483
3786492
9473628
2746958
6745832
6237485
2593648
9724658
6487923
8496375
4725836
5894367
4682359
6948723
9824357
2679843
5629748
3529876
7532896
6795423
6352784
8624975
5683974
3652497
5436729
5387294
7593642
9548367
7523896
5379628
5692438
7685924
8247356
8276549
3579482
9845276
8634759
8254379
9456287
5278694
2469875
7384265
8632549
9762345
5624983
2384597
3725496
4327856
2493578
2649578
3894572
5396782
7934862
3854726
4563827
4327568
6782394
5987462
9624387
7694835
5748623
3654298
7458269
8675943
8925463
7586249
9354287
7348265
5869327
7629843
2765948
7452369
2356794
2594376
3947586
6398742
3965784
6324859
3958742
7359482
8536927
4923758
8273496
8629475
8374695
8923457
4796325
5372489
